-1001675536982
-1001661921521
-1001647425791
-1001561762431
-1001536035675
-1001500953179
-1001231824427
-1001897094285
-1001632886847
-1001542695951
-1001541865011
-1001509085736
-1001189830656
-1001721804147
-1001856058065
-1001443173688
-1001740847032
-1001738478805
-1001928250607
-1001704430278
-1001662850780
-1001904784522
-1001255450354
-1001631100292
-1001610028660
-1001624196878
-1001629404720
-1001613000033
-1001321990674
-1001918955819
-1001628426979
-1001696538379
-1001426336078
-1002043169011
-1001434185143
-1001855414797
-1001529480107
-1001197402410
-1001769154643
-1001640191935
-1001230469862
-1001763025887
-1001321877457
-1001940237965
-1001828401813
-1001894424807
-1001238672321
-1001590264196
-1001201155737
-1001329521494
-1001184393626
-1001217882265
-1001631427785
-1001342983655
-1001380372650
-1001818184182
-1001944388572
-1001886407119
-1001592688255
-1001290169881
-1001523350470
-1001898388110
-1001640306786
-1001870318667
-1001738544071
-1001398830793
-1001826041542
-1001893873412
-1001839198702
-1001809445439
-1002032889310
-1001640010643
-1001494207323
-1001665051382
-1001912567085
-1001940074224
-1001866350407
-1001572813630
-1001588219737
-1001985690920
-1001846304481
-1001709525184
-1001143772972
-1001180905302
-1001645428348
-1001704659432
-1001625222397
-1001409976079
-1001355949404
-1002108513366
-1002146323027
-1001921426592
-1001526301962
-1001711768113
-1001826831505
-1001838353028
-1001843790804
-1001245662934
-1001486646056
-1001735895934
-1001729554199
-1001711768113
-1001705223784
-1001694998894
-1001693773148
-1001676519861
-1001671030824
-1001655552779
-1001649935508
-1001644315672
-1001638998183
-1001633825541
-1001629017185
-1001619683079
-1001611126767
-1001608055341
-1001591723363
-1001576891043
-1001576607043
-1001548471037
-1001547846825
-1001521446672
-1001520841716
-1001518602703
-1001403360699
-1001390667994
-1001454759623
-1001966293645
-1001424161459
-1001801532888
-1001792286496
-1001486415187
-1001898212907
-1001944036855
-1001964121711
-1001526301962
-1001381777937
-1001673901033
-1001341932261
-1001962995182
-1001520799495
-1001729047176
-1001306825880
-1001731243789
-1001482692541
-1001484766567
-1001717626647
-1001548769888
-1001941254321
-1001688039558
-1002143254566
-1002115423395
-1002033938312
-1001957739583
-1001951022154
-1001942255650
-1001940195962
-1001827525439
-1001817685206
-1001813020524
-1001804814109
-1001774526624
-1001745822544
-1001738482724
-1001732531370
-1001683234886
-1001657570434
-1001591304081
-1001589385781
-1001577844392
-1001537672199
-1001530903065
-1001479913591
-1001457767451
-1001326822240
-1001254103451
-1001240876984
-1001167555306
-1001060932335
-1001330440575
-1001532197192
-1001600890064
-1001974769266
-1001878202882
-1001726452898
-1001657388807
-1001584086022
-1001536672976
-1001888628974
-1001155287381
-1001921426592
-1001886616473
-1001883665254
-1001865837066
-1001112185002
-1001300235392
-1001334603011
-1001276157557
-1001512033229
-1001398340127
-1001288435136
-1001544443963
-1001692832507
-1001890016149
-1001875634219
-1001377161050
-1001542436168
-1001522141067
-1001589309546
-1001559321839
-1001513987682
-1001727274845
-1001718149213
-1001723484322
-1001707032915
-1001238870583
-1001180354222
-1001373789692
-1001628639364
-1001953353066
-1001515170080
-1001869419787
-1001577674820
-1001473243177
-1001505705663
-1001565729310
-1001201349371
-1001502334870
-1001575376259
-1001450069171
-1001545585546
-1001569717497
-1001720485402
-1001404532032
-1001316408879
-1001829733896
-1001723623459
-1001500779202
-1001843790804
-1001826831505
-1001660495573
-1001879273399
-1001196335198
-1001486646056
-1001225005535
-1001332175816
-1001395115074
-1001245662934
-1001330281930
-1001835675191
-1001886698566
-1001380693730
-1001277599754
-1001209483471
-1001809035994
-1001573208179
-1001576320707
-1001598264215
-1001659476892
-1001946947634
-1001885472563
-1001883368040
-1001849102144
-1001838495360
-1001838353028
-1001829065645
-1001827898576
-1001816353582
-1001815768773
-1001800904037
-1001796460905
-1001793382342
-1001780700985
-1001771408722
-1001764877571
-1001756728453
-1001755460908
-1001743440591
-1001737959101
-1001726169519
